ID,Adoption,Died,Euthanasia,Return_to_owner,Transfer
1,0.0626676198931965,0.00829293526592241,0.026736454323553833,0.2278565607929416,0.6744464297243856
2,0.4820410971274776,0.0012590528433069099,0.018687202216252988,0.3733850760860242,0.12462757172693827
3,0.608754215485638,0.004149047932063383,0.020328455995958686,0.10255685700588887,0.264211423580451
4,0.14105209531178128,0.00271423443396385,0.017950078302499988,0.2074600514723282,0.6308235404794268
5,0.5310802887946029,0.0011210018561710591,0.01826016115872361,0.2954425875629209,0.15409596062758157
6,0.49368442098046855,0.002196348819760811,0.02268969435469362,0.31956566466416686,0.16186387118091008
7,0.4125145397201863,0.005565357703225902,0.11046355560880845,0.21396885022817985,0.25748769673959937
8,0.725332586179599,0.004680134008534379,0.00512961536176699,0.035952860431189566,0.22890480401890995
9,0.6653438914656065,0.003556455191655478,0.004776725932426135,0.15765606509380814,0.1686668623165038
10,0.3262990034392315,0.0017641884572989505,0.08528720037988674,0.41291316907058545,0.17373643865299737
11,0.6985338468975203,0.002138880359217358,0.005777173107639314,0.14379990942532625,0.14975019021029679
12,0.025417575397697883,0.0040175081375546885,0.18009783762699375,0.34932354512524705,0.4411435337125066
13,0.7453026566901447,0.003501185838337154,0.01597639344294289,0.12308464444156704,0.11213511958700838
14,0.4625831906216414,0.0017730500885658384,0.0823283492136412,0.06019029158088903,0.39312511849526255
15,0.5998357113677275,0.0034174312914431217,0.01723356138714041,0.2659736594974081,0.113539636456281
16,0.6934983318976257,0.0013862323747266053,0.005351180200246482,0.14254814435099838,0.15721611117640277
17,0.2349535692852423,0.0011650025073074366,0.07135610337907071,0.5404467862910458,0.15207853853733377
18,0.37054477585011675,0.0005112662004713806,0.015322195429996294,0.43670079379163657,0.17692096872777888
19,0.5190705422008449,0.002982316968411514,0.0226944612834452,0.12923896495924828,0.3260137145880501
20,0.018762076108994823,0.008780543431167335,0.15653871398179345,0.014510600873574333,0.8014080656044702
21,0.6154029734265413,0.004308576040514173,0.02171126832857472,0.09843423264552797,0.2601429495588418
22,0.0010702091198894262,0.03353330811059263,0.1440190329851482,0.00611328305794318,0.8152641667264265
23,0.5628473367350675,0.001958046911955685,0.018798227177149185,0.27844060185978464,0.1379557873160431
24,0.10367709498816012,0.010802504985284926,0.04508753888696253,0.004236431776146516,0.836196429363446
25,0.5597409545886299,0.0006620957351419392,0.018789534284917805,0.27620091816111947,0.14460649723019084
26,0.39547344671790247,0.005597279857609897,0.08499347499568626,0.012526988826847886,0.5014088096019534
27,0.7601440837046393,0.009757745199131385,0.0059829632622188655,0.02894602932058895,0.1951691785134214
28,0.07129614663849942,0.008556088491779851,0.0660142592951824,0.028865531961000387,0.825267973613538
29,0.5209961630912773,0.0019333676537975609,0.02423362295218486,0.29480455215212514,0.1580322941506152
30,0.4524168532441108,0.0014498361050370478,0.02352158542824865,0.34146577097866443,0.18114595424393917
31,0.42719328821833025,0.002988238601923385,0.09648382350367352,0.06582420460177073,0.4075104450743021
32,0.7923182150055366,0.002154609738492142,0.0031551970756066934,0.06585562373397194,0.1365163544463925
33,0.5173182657242142,0.006552323950695755,0.08225148386744456,0.008328187222699686,0.38554973923494573
34,0.7762532502767435,0.006014222855424608,0.00445993108781865,0.02848834704441194,0.18478424873560112
35,0.17112927243067289,0.009719751044903033,0.01630432503239375,0.04553680008353611,0.7573098514084943
36,0.42638330781312334,0.0012560142132034787,0.024465211675865118,0.34949199024899047,0.19840347604881756
37,0.42782757816484324,0.005575849748552306,0.07826716258816825,0.011666865080953083,0.4766625444174832
38,0.7443476062269117,0.002387579819941185,0.005633668416134252,0.11609649487675838,0.13153465066025463
39,0.4537706551965958,0.0014785442764254622,0.021167968157234218,0.3293152865852807,0.1942675457844638
40,0.463398645925079,0.001887356782071478,0.07578918854807488,0.06939737000753424,0.38952743873724033
41,0.16256250927139543,0.003236144772287733,0.015965480313036153,0.19910216547039145,0.6191337001728894
42,0.05511012305197655,0.015646993149058794,0.05740683893286768,0.006483521125877986,0.865352523740219
43,0.6743470547061869,0.005455194463668572,0.020559906549234785,0.08092288755531261,0.21871495672559704
44,0.07679619204820673,0.016407333001163028,0.07632122652190758,0.004802765753248693,0.825672482675474
45,0.5220326432988301,0.004296911824719913,0.05720049423542372,0.009483898874193982,0.4069860517668323
46,0.41804402917477573,0.0010224791801309425,0.07234473691674394,0.06507631215915878,0.44351244256919053
47,0.6433422663358752,0.0046361399103866515,0.018424927774414533,0.09715507851807152,0.23644158746125196
48,0.5170116538662722,0.0038712910940624083,0.07945694962863681,0.2714346599968658,0.12822544541416264
49,0.4101756067084273,0.002208473118066256,0.02799490763905206,0.3638624996550191,0.1957585128794353
50,0.09429069852042621,0.003868278933438641,0.01972807510719068,0.24595954358124214,0.6361534038577024
51,0.1710253471506582,0.041013584808868145,0.029560918307529337,0.062333987828682304,0.6960661619042621
52,0.3150232167298441,0.0012756571481282986,0.06395380533955984,0.4941166448641688,0.12563067591829888
53,0.7708507894274746,0.004768149128375977,0.00412517734945845,0.02943635924519908,0.19081952484949188
54,0.1057422038583855,0.015300183167003763,0.025789397217759986,0.061629406491215344,0.7915388092656354
55,0.000977772847889017,0.03027152984876878,0.2952011454031941,0.011708454668235441,0.6618410972319128
56,0.2923124202406872,0.0047256815587479765,0.11035974475509344,0.26338037544038534,0.329221778005086
57,0.5263555673575429,0.0009828186156531286,0.02158754374218267,0.2921354112066032,0.15893865907801802
58,0.0013281326165489396,0.020393301466491282,0.13075218562654614,0.00535362316469372,0.8421727571257198
59,0.03141468835339455,0.00767849607536254,0.1433659596096783,0.01077863887155748,0.8067622170900072
60,0.6925503707476813,0.001170492160937355,0.00604689890090427,0.13222903999471242,0.16800319819576456
61,0.4596782500341615,0.003315876211492429,0.08865924293940904,0.056358046134361156,0.39198858468057585
62,0.3378879366003169,0.0018251710202548848,0.08812077698490035,0.3890451375466677,0.18312097784786005
63,0.5933449817630034,0.0038478211530031292,0.02407694839699036,0.15096467948848255,0.22776556919852062
64,0.06933491713507824,0.01843720334912252,0.05886446883849525,0.00524430634122492,0.8481191043360791
65,0.06831620309053511,0.018669880494776466,0.060505461976143975,0.0051984462192404155,0.847310008219304
66,0.6182355986851552,0.003962374372413317,0.01601350280627784,0.22209031355344822,0.13969821058270546
67,0.7672406498362085,0.0026729074627541167,0.003934839852996174,0.027443599984821127,0.19870800286322
68,0.010596582882534775,0.006300228832211312,0.13825483532851107,0.41637313074995713,0.42847522220678574
69,0.5220180567973328,0.0007933945514536342,0.022712406337056765,0.29850848394093477,0.15596765837322218
70,0.035217727689141734,0.00807814621254951,0.14446424163487262,0.010045838139016517,0.8021940463244196
71,0.06843451827218765,0.011235824174430807,0.06837609473463209,0.023474587669519213,0.8284789751492303
72,0.7571028430387183,0.0019666862564956143,0.004651309536831352,0.11728863298491872,0.11899052818303602
73,0.0015915997676237267,0.05015159105115587,0.1282979161616147,0.005490564760911391,0.8144683282586943
74,0.5313051725197744,0.0036394728941170824,0.01825026157101248,0.2725863602260821,0.17421873278901398
75,0.09592644143860295,0.025126267523042745,0.0680633379557471,0.004308630121854949,0.8065753229607523
76,0.23116113745034977,0.04304797817264942,0.023222113177259987,0.055067428348674036,0.6475013428510668
77,0.7802542939586962,0.0031474413205181176,0.005237003790020998,0.024855180415468768,0.18650608051529588
78,0.43318063270877205,0.005222098079028098,0.07231040105686765,0.01279666029508881,0.47649020786024343
79,0.37765488376919865,0.0014624463692688911,0.022662158187251834,0.38933809211253234,0.2088824195617482
80,0.7069160760732618,0.007722116697967384,0.004931478116350406,0.039192197778366654,0.24123813133405347
81,0.10510713479764777,0.01943435514219907,0.048995614916091036,0.0044696281044512625,0.8219932670396108
82,0.002523847575683811,0.037180780370462664,0.1306086713357899,0.004715337051681719,0.824971363666382
83,0.6163661095020121,0.0014591353078129928,0.015783293234619356,0.24967260991735787,0.11671885203819776
84,0.10824953900542994,0.024850378281034386,0.055417454003291074,0.0042109945178257415,0.8072716341924189
85,0.24197220439839123,0.0004793953290975971,0.060649646716416254,0.5341703861159237,0.16272836744017116
86,0.07167891354687733,0.01968981184529694,0.0703395226684229,0.00492178723805989,0.8333699647013428
87,0.022485123889684815,0.004635332378173826,0.17308844830276973,0.36894557375317877,0.4308455216761929
88,0.4505028283881299,0.0031020669128254833,0.07579237866836833,0.3136086270957618,0.15699409893491448
89,0.015660888826222515,0.013119288464094096,0.18383670363559873,0.012454588735546597,0.7749285303385383
90,0.8078425460452872,0.004218884210281698,0.005053276958432454,0.022177892260717084,0.16070740052528165
91,0.010217794673162585,0.011355642531937275,0.3434166186796102,0.019712308051426042,0.6152976360638639
92,0.012899402049353475,0.011566803796954182,0.1937439035645007,0.014091900834577712,0.7676979897546138
93,0.7455920071823303,0.008136746369402523,0.006747012515668022,0.04840181438015758,0.1911224195524416
94,0.6113013582074144,0.0037895166562709366,0.013538225315634091,0.22508851105340263,0.14628238876727803
95,0.40418084899964873,0.003561803060692156,0.07313106571148509,0.011009093309873763,0.5081171889183002
96,0.5708238895801291,0.00038403077932077615,0.012355588926118538,0.2885234052592832,0.12791308545514857
97,0.5955208552071848,0.0018136196784567088,0.017973969066608135,0.2546445942139244,0.13004696183382605
98,0.10191609053870102,0.019867366530742076,0.05170058432138207,0.0043758516369950045,0.8221401069721799
99,0.13381474521021408,0.013583088596759512,0.02603183322124847,0.04182141049201873,0.7847489224797592
100,0.5186275117614652,0.0009908594186614245,0.017511054803220866,0.29076458346275824,0.17210599055389428
101,0.6686566753823253,0.004378746436419569,0.006110788018734457,0.04728126565032489,0.2735725245121959
102,0.6474548000483354,0.0041612187990093365,0.018824075055794493,0.09217267933180139,0.23738722676505944
103,0.4937482316268412,0.003685416394228616,0.016643142636395578,0.32600613751799795,0.15991707182453657
104,0.45883865172054616,0.0020879165078957237,0.021716358620502703,0.3653465566254263,0.15201051652562905
105,0.5272008605741796,0.0028693382296525074,0.020953471367048792,0.13104351859825458,0.3179328112308646
106,0.5988732156183135,0.0014310346787310536,0.015408191145171583,0.2597083053374351,0.12457925322034888
107,0.5082390992333746,0.0007139088408636216,0.020463590625647232,0.2967917197842917,0.17379168151582297
108,0.049282445998073916,0.002817808751436948,0.06795286094740059,0.38587567080567464,0.49407121349741384
109,0.7267933473327463,0.0039002435332211993,0.0055665022836609195,0.0398634185151273,0.22387648833524423
110,0.5945325631362705,0.002804904122001017,0.02621729539392093,0.14925270333819163,0.22719253400961595
111,0.6160495791222804,0.0020060585565377857,0.01735251003427462,0.24342306467743935,0.12116878760946777
112,0.5550572068072515,0.0036819505468700013,0.06675863400947565,0.2600722575648253,0.1144299510715774
113,0.15759754535139853,0.0008730221144071519,0.07273346331088487,0.5895272323589885,0.17926873686432085
114,0.4348120132883095,0.002280361635214996,0.024411968033213646,0.36431363781085846,0.1741820192324034
115,0.09614293196122238,0.019982666639473286,0.05995707491324079,0.004458424255279728,0.8194589022307838
116,0.7651453515474635,0.005217948015113076,0.003102305767214394,0.09075806116283397,0.13577633350737497
117,0.7527684442506356,0.0014009980090955107,0.00407262283179068,0.11159904755597343,0.1301588873525049
118,0.0069183486345313575,0.003917801130051829,0.16922146693843795,0.4294492349555189,0.39049314834146
119,0.12206860389637265,0.0016088525418773917,0.0595846176717423,0.6442012243596115,0.17253670153039619
120,0.4783796258229439,0.004492882404230535,0.08341218811495707,0.011159860423809478,0.42255544323405897
121,0.7098038626580876,0.0024950866061128774,0.0047766937318965115,0.03671888069657506,0.24620547630732792
122,0.7976512923938027,0.005577865884817321,0.0049735756386088716,0.025071542314699363,0.16672572376807163
123,0.6870487387109888,0.0033363252508591917,0.005779780493985645,0.04556446254832485,0.2582706929958414
124,0.0011707922393591442,0.03191124573138126,0.1362014441927095,0.006386643615800747,0.8243298742207494
125,0.10481693791932566,0.0026043758217011545,0.05302094405867205,0.026870206710672914,0.8126875354896282
126,0.7650350733137993,0.001280570339742243,0.00386454245092136,0.11650926684174057,0.1133105470537966
127,0.27119958064155686,0.004724764190733059,0.2259200002097002,0.028110656109457136,0.4700449988485528
128,0.7788590632946288,0.005890318075774143,0.00425820391051865,0.028818991728838762,0.18217342299023953
129,0.6893727687151657,0.004080873989238269,0.005234627970830001,0.044406275142914634,0.2569054541818513
130,0.6813637166722415,0.0034655155169692644,0.006259071223001906,0.0448616454950932,0.264050051092694
131,0.40582983439088827,0.0003836967486590677,0.018950564308943877,0.3847447625762329,0.19009114197527582
132,0.6886592974229314,0.004648872831393418,0.00598727220873994,0.04112605400391413,0.25957850353302103
133,0.5901210211712626,0.0107715222082742,0.01428109300796591,0.003894710285479833,0.38093165332701745
134,0.5162893114958299,0.0016963342448327228,0.010834143400899027,0.28863400761824676,0.1825462032401915
135,0.47761347471873256,0.003254208247651852,0.07251762294537449,0.19172885109216437,0.25488584299607664
136,0.3760014251690998,0.0017787949445307615,0.02445691869149262,0.422529042368895,0.1752338188259818
137,0.7192552482704252,0.004337845424683831,0.016045033911787136,0.06733427630951133,0.19302759608359252
138,0.0025508662830260043,0.039163287357263196,0.1139597195883122,0.004387187127787517,0.839938939643611
139,0.27595224221338815,0.002189089664269574,0.06561721887919622,0.5337350769937721,0.12250637224937394
140,0.5853784837796396,0.0021599428780530137,0.01986718149767143,0.267149713225696,0.12544467861894001
141,0.7428152074408583,0.004395201246051603,0.004066189180680817,0.10565669908896162,0.14306670304344782
142,0.1063543275956562,0.020631791692282138,0.025096556313558123,0.05636441214560539,0.791552912252898
143,0.2664622710782373,0.0005525896359619443,0.07451891653866316,0.5004466240834502,0.1580195986636873
144,0.1577051086620848,0.0011757467187042004,0.08198881685899918,0.5736254227495918,0.18550490501062003
145,0.4689026936213944,0.0035696944962707064,0.07917893090947316,0.30873540744387906,0.1396132735289827
146,0.14279975052884367,0.0025705685544547053,0.24420668618115898,0.46496136306656743,0.1454616316689753
147,0.36199823431530165,0.002768524203367109,0.09640157115532447,0.2752547831588031,0.26357688716720357
148,0.2639327800350621,0.002046662831942997,0.08072620076625754,0.4969035719810601,0.15639078438567736
149,0.016402016850646614,0.006849297033835229,0.17137199340326312,0.01256993114486122,0.7928067615673939
150,0.08523567475426487,0.014853902883462495,0.022430697093502025,0.06570937973522555,0.8117703455335451
151,0.44436681479657103,0.00538178747803775,0.07710538937997809,0.01125535274768364,0.46189065559772946
152,0.016608423695333736,0.0116896748173028,0.20842951470874557,0.013373246662021193,0.7498991401165966
153,0.6873499879448021,0.0017363412381008365,0.005620623993854108,0.14712100395337013,0.15817204286987302
154,0.04382543328196397,0.012481625000095852,0.054097284791456,0.3210783551596956,0.5685173017667887
155,0.6332586356999391,0.003477797138965506,0.024667630472196785,0.015901400181164836,0.3226945365077337
156,0.7512867906967639,0.002079768586269093,0.003827123738213351,0.07929234358438471,0.1635139733943691
157,0.25706856488012764,0.001485870062706447,0.08403301402830284,0.5023218930537101,0.15509065797515298
158,0.0897083351633926,0.036682077279526895,0.04668281529073365,0.004529238572806742,0.8223975336935401
159,0.5998623670420142,0.0042710434391147545,0.030810713304736958,0.11345752615902996,0.25159835005510406
160,0.526212421993778,0.0031289278872282385,0.01597587801956111,0.31171075534810117,0.1429720167513314
161,0.4536166541106309,0.0036259531102272938,0.01781714403080883,0.3239204077159282,0.20101984103240472
162,0.5850381144107173,0.0011127168917109867,0.019127554214193824,0.2286698094913645,0.16605180499201333
163,0.0019237946981820247,0.014377274516815265,0.13098220449197157,0.021582889470203825,0.8311338368228274
164,0.7545229813453146,0.009065079987006017,0.0037747208273569456,0.03096716297894701,0.20167005486137535
165,0.4343238471453373,0.0016297986649394347,0.026386824962965797,0.33074106231007966,0.20691846691667784
166,0.7610607193001208,0.006032078925580016,0.004909837040028881,0.0301885884376613,0.197808776296609
167,0.48346433058390703,0.004809404734010021,0.06281652441744483,0.31319856984151256,0.1357111704231256
168,0.5643328223351822,0.0020463834511243147,0.019307852827652322,0.285142374645219,0.12917056674082222
169,0.6183354885426555,0.002597597019449092,0.00471722146780644,0.22048347742058183,0.1538662155495072
170,0.7128535303820434,0.004147244312090759,0.004283256302486118,0.12102018125377668,0.15769578774960297
171,0.00853928820551348,0.02303572425221644,0.38942636876054926,0.02690784785067112,0.5520907709310497
172,0.47561718960683985,0.004388606142628222,0.02247003702180484,0.2907097532060175,0.2068144140227095
173,0.44323078079259504,0.0030727358094863357,0.08538944076388055,0.31471343804947105,0.15359360458456686
174,0.14489241314255244,0.0018556501287639111,0.2195558039069717,0.4940845226875678,0.13961161013414422
175,0.4685378646916206,0.0014619805493641567,0.01958466184346035,0.3406940875991449,0.16972140531641003
176,0.17465839107456405,0.021562888502458376,0.019663634690238248,0.04865645328097435,0.735458632451765
177,0.3176878445199837,0.0032600972117894154,0.0560347148133458,0.4617059226544571,0.16131142080042385
178,0.7214356159861186,0.013113165570782015,0.00812662532133742,0.051190275108338436,0.2061343180134236
179,0.5850179731336522,0.004013724849769413,0.06102190359323217,0.04191961150565616,0.3080267869176901
180,0.12981920728651292,0.010033676479846673,0.07788326450192508,0.017179392252601927,0.7650844594791134
181,0.08858564660782425,0.019548743992891655,0.05520519183725503,0.004604238130010951,0.832056179432018
182,0.19002149859944778,0.018480288610540338,0.01811467367417519,0.044425703935074945,0.7289578351807618
183,0.4850461053296676,0.004106196077006064,0.019684407121438523,0.2942647276910171,0.19689856378087076
184,0.02160229286321213,0.002607328612915953,0.046779730552632515,0.32698653607191225,0.6020241118993271
185,0.6199759813267686,0.004725633170949346,0.016598689954372914,0.21964373260495748,0.13905596294295183
186,0.45952773952999054,0.0036370833936546863,0.01551896817403281,0.3730411029998519,0.14827510590247006
187,0.0696931986205483,0.02231245227551076,0.06335070088631693,0.005295697751858687,0.8393479504657653
188,0.534623628733384,0.001085145322827543,0.01709356992885208,0.29722521112579336,0.14997244488914302
189,0.6597283095044233,0.0016536139917871957,0.006351267531632616,0.1749557426952806,0.15731106627687635
190,0.5923883198514959,0.0013886199512166805,0.021343197426448683,0.20264795460695384,0.18223190816388482
191,0.24643005491931258,0.0004833394341824069,0.07161581064400503,0.49930405512261394,0.18216673987988619
192,0.6369574037320829,0.007924887973784362,0.024096302070979864,0.2132905497991808,0.11773085642397203
193,0.1739994394589945,0.0032987360584863295,0.019490608344650554,0.1965513959369881,0.6066598202008806
194,0.46055447799859706,0.001030590802887218,0.07792708277922387,0.0439117787878482,0.4165760696314436
195,0.7524083111690827,0.002367683096372091,0.005224833404537325,0.11028597903196806,0.12971319329803985
196,0.6834822372212056,0.004224468363130499,0.005655990845028466,0.04355713536896945,0.2630801682016659
197,0.5568706213206672,0.001559393675747623,0.019607069964747682,0.2975506997906622,0.12441221524817521
198,0.5377878167358071,0.0014962032295844552,0.05383891088355743,0.2910911729600302,0.11578589619102102
199,0.5991636536564846,0.0006672131451108784,0.01999941170262483,0.2365358318049667,0.143633889690813
200,0.5836879411484133,0.0018200867733983478,0.014855358104982513,0.262012642658329,0.13762397131487686
201,0.0015241120961628826,0.03146385066957479,0.14568644827753033,0.0052172708158752645,0.8161083181408566
202,0.2707244221059031,0.003578241759726203,0.0998160270663817,0.28689246930632706,0.33898883976166205
203,0.6503816110574887,0.00226915958547287,0.007699132731737964,0.15946970827521587,0.18018038835008457
204,0.5504537892651912,0.0021466102672844226,0.058895962073368086,0.04714634628767544,0.34135729210648086
205,0.04462507804808442,0.010716095476050189,0.05377569295430815,0.30995874322596223,0.5809243902955951
206,0.6596724483649625,0.002748532577651995,0.016189611354915166,0.07744693379279374,0.24394247390967658
207,0.46947088286965266,0.0010382973903804965,0.026576589367921778,0.3458691251088123,0.1570451052632328
208,0.00667282180066661,0.007238674557189265,0.15132200930380585,0.4108958376352016,0.4238706567031369
209,0.37950249172961137,0.0011390699368665303,0.02287429458488907,0.3967562096803068,0.1997279340683263
210,0.6142537843239718,0.002489424789773651,0.011660317461776166,0.22558590091727568,0.14601057250720262
211,0.08175933363110544,0.025035724574512013,0.08046334671010437,0.005641466777043824,0.8071001283072344
212,0.11220444621584898,0.0011307241170974102,0.08870311207882306,0.5912831419608174,0.20667857562741318
213,0.5717200255644362,0.0028074239173942125,0.01969880616520129,0.26061805582464287,0.14515568852832555
214,0.3716581340187426,0.0016654054131727525,0.09737334397102071,0.06373498304333454,0.46556813355372934
215,0.05503234532191434,0.015617715719547962,0.057333305922942224,0.00646950366173586,0.8655471293738596
216,0.4866034745978494,0.0010158059308959166,0.0809827594916766,0.03857512681510436,0.39282283316447375
217,0.6894802166887308,0.018109384903596606,0.01983189053941861,0.0034938908555180847,0.2690846170127358
218,0.5443593319908087,0.0083500807405714,0.022102215105923816,0.11596228354081779,0.3092260886218783
219,0.5541881576016467,0.0010879041781729868,0.019284623426464045,0.28108667767711304,0.14435263711660326
220,0.23225816304343463,0.001205436870360507,0.07138430417342781,0.5156672757350941,0.17948482017768302
221,0.016285919246124367,0.0039259652340141605,0.06325316660913767,0.4337171969849945,0.48281775192572934
222,0.059945298954075604,0.018126031183640843,0.06272890543649026,0.005514738656051051,0.8536850257697423
223,0.2190524001070701,0.024755138365500154,0.024653685270377826,0.04741224113376972,0.6841265351232824
224,0.5034683859448571,0.0009362245845103259,0.022279956478657954,0.32034525799360475,0.15297017499836973
225,0.010268669340030968,0.006336324123272703,0.14133629468785133,0.422161317061955,0.4198973947868899
226,0.6368703307160651,0.0033690737269457885,0.014511974619540331,0.2095666708832084,0.13568195005424039
227,0.0674589446530929,0.016782368070607796,0.06036825714248535,0.004923128425111624,0.8504673017087023
228,0.0011026463121281834,0.032991085263250924,0.24709660737144026,0.016307589229032686,0.7025020718241479
229,0.47773684625125606,0.0010463545627525796,0.0648544764753879,0.3188096804480008,0.13755264226260264
230,0.11918415504669597,0.02585916662138606,0.05531988107466215,0.0038818389408283313,0.7957549583164275
231,0.7825116799901823,0.004069837452159916,0.0038648775235546103,0.02574900953297433,0.18380459550112882
232,0.7238655307638279,0.001073218244588675,0.00524218889660016,0.12494252398227446,0.1448765381127088
233,0.07977030219372887,0.02507475403847655,0.044073173137332305,0.004887824333746038,0.8461939462967162
234,0.019827848333538175,0.0019897240325953643,0.1717514997540044,0.35385280133009944,0.45257812654976265
235,0.15673460153016877,0.0025973044048686784,0.09359587602706121,0.5813222311873125,0.16574998685058892
236,0.7391893642486322,0.0047763945985885075,0.004936660315072136,0.03326640715346902,0.21783117368423802
237,0.6237993029734297,0.004540747665275494,0.015292914678474802,0.22185421548103937,0.13451281920178065
238,0.06510961693923986,0.01027884633353267,0.06902992920347198,0.027514823880632915,0.8280667836431227
239,0.6106924920291216,0.004433667940242856,0.01566517471818196,0.25708765854707,0.11212100676538363
240,0.6919147425608765,0.004694828040979661,0.01469911884862002,0.0038294775209207267,0.2848618330286029
241,0.6583257793428007,0.0022035080583956263,0.02081961280108182,0.018918539883475288,0.29973255991424674
242,0.31142737364852136,0.003393974361811693,0.06057345074222604,0.45873629884712447,0.16586890240031646
243,0.6939857644743693,0.007284280456669168,0.016565203954897374,0.002254108930440523,0.2799106421836236
244,0.6520992248337015,0.004049663618346521,0.021682162967691293,0.08989616345281987,0.23227278512744076
245,0.4887182511690144,0.0017137348012186402,0.025109823044691466,0.31467476885949935,0.16978342212557618
246,0.1992829041672061,0.0006807246383464278,0.08327009234994807,0.552984339203973,0.16378193964052623
247,0.6065922012089887,0.005128944219572994,0.026045897494606157,0.10468661151769654,0.2575463455591357
248,0.6395377774403932,0.0022416676213364074,0.016491822807030647,0.09174174182108763,0.2499869903101522
249,0.36010638206799767,0.0015038889860587027,0.021294674076664813,0.43582598763261876,0.18126906723666006
250,0.7570573255140711,0.004472830988470673,0.004231024557414769,0.03338309785065537,0.20085572108938812
251,0.04289159465404378,0.009115339619498791,0.1854666208795415,0.027886607370406814,0.7346398374765091
252,0.3982720173476308,0.0012118593570389583,0.027640930633670433,0.40147742266513403,0.17139776999652576
253,0.08533142855565373,0.023509840292418434,0.05925652202538521,0.0048102425918758645,0.8270919665346668
254,0.10719367335943687,0.0011619618763283966,0.22559178642981542,0.5213926299364776,0.14465994839794186
255,0.09792660364299013,0.019010579415970244,0.0505839245640461,0.004642526009060973,0.8278363663679326
256,0.49216274032989604,0.002258587871417478,0.019808950886752552,0.30959382792776846,0.17617589298416553
257,0.24945799405318064,0.004438687987250172,0.2480321643676675,0.10585030354592569,0.392220850045976
258,0.5484660722542736,0.0041951194295823556,0.024094599196229725,0.11861978858481527,0.304624420535099
259,0.23034821167204314,0.0014791223422926329,0.07885462166454625,0.5255358637448355,0.16378218057628238
260,0.6878787293060807,0.001431112980822641,0.01735697988357203,0.010843076611070283,0.2824901012184543
261,0.6977409292708665,0.003096476564697274,0.005991197002815088,0.13166657009709554,0.16150482706452557
262,0.5015473757457989,0.0021015074325310425,0.06418049543210881,0.3016188535808689,0.13055176780869251
263,0.5749252089041031,0.0018413021254310834,0.0060922302962001336,0.23158366278282794,0.18555759589143764
264,0.5330003882420393,0.00048325568870383824,0.019795808208665146,0.25211526684818303,0.19460528101240868
265,0.353386695116484,0.004589980837150787,0.055721060611939356,0.4278826004290129,0.158419663005413
266,0.6020351155517814,0.003763764529153368,0.0191729938238524,0.10808599294673349,0.26694213314847937
267,0.09412940116500865,0.023425337254076906,0.05587773353781745,0.017210392542981467,0.8093571355001155
268,0.032891184111876345,0.017445086591507074,0.16805315970210846,0.010657772101024122,0.770952797493484
269,0.0004773379055190041,0.017235355753547385,0.26128880719147485,0.011783707085408645,0.7092147920640501
270,0.6737055409022472,0.006973001778789052,0.004994858023260438,0.04913755570865627,0.2651890435870469
271,0.058089551040972826,0.018547528707185002,0.06615394792888779,0.005405768772697704,0.8518032035502566
272,0.40633812975716505,0.005432185800312425,0.07950201515308537,0.012836681704081568,0.4958909875853555
273,0.04116449728171606,0.005535635254754747,0.07305384008526503,0.36033855800413306,0.519907469374131
274,0.16098960096371845,0.002331115282047463,0.24939606239375328,0.17156158921763134,0.4157216321428494
275,0.31329600959841675,0.005675931918530588,0.21714593114753308,0.027446424238288882,0.43643570309723073
276,0.016740445846211562,0.012243607908868527,0.1809508126980729,0.01328577358087635,0.7767793599659707
277,0.0027208989444067917,0.03474926627353929,0.12419221693698365,0.004175511463081799,0.8341621063819886
278,0.5969993486338511,0.012427242339798498,0.07036896924916795,0.010297011878548543,0.30990742789863396
279,0.6560098090068079,0.003736545574206329,0.019069934809224892,0.08204266364725168,0.2391410469625092
280,0.06187995997695987,0.013007170561972948,0.060839566803412834,0.12132054584646099,0.7429527568111933
281,0.5981252734432269,0.0014432626397900595,0.0156690610385081,0.2593428305257681,0.12541957235270706
282,0.12047514474425573,0.0008038639307672985,0.07812039067031154,0.626807675944383,0.17379292471028235
283,0.06978263718566924,0.006757238582790625,0.07571992204340701,0.022495072233894197,0.8252451299542389
284,0.7682582709207472,0.004278958889842368,0.0037832527303320344,0.03148329882918909,0.1921962186298893
285,0.1613530267173833,0.001944032900082211,0.2193473577148131,0.4822527208403948,0.13510286182732678
286,0.5081022276153395,0.0027736218415965502,0.01945775529671272,0.3379957759361904,0.13167061931016066
287,0.0025855399081053374,0.053149131709601394,0.1444885180266487,0.003598777708333474,0.7961780326473111
288,0.0951919698154799,0.018221472178725537,0.06042837930219842,0.004935687756623957,0.8212224909469723
289,0.5105552041661089,0.0033835941252739203,0.01713556453417101,0.2915180164345593,0.17740762073988683
290,0.6007231408293716,0.00398830622498516,0.01757510926033283,0.2494717354993656,0.1282417081859448
291,0.6295367273433475,0.0073745072771969735,0.016788038320022597,0.0032266190742776192,0.34307410798515525
292,0.7506661366253646,0.004362144050411222,0.004303697387595879,0.03318755867923618,0.20748046325739228
293,0.5634366716513903,0.003109756271922981,0.016781403246567777,0.003973886258229594,0.4126982825718894
294,0.02860297065923111,0.010435735846184487,0.06878344041414969,0.14383663761175794,0.7483412154686768
295,0.11324373840364044,0.0011199723987806382,0.21061572370443185,0.5335983928818518,0.14142217261129528
296,0.06367293723214877,0.007626230082576153,0.07355118669565064,0.029694778405537553,0.8254548675840869
297,0.4334902967426255,0.001507121119121791,0.023528150626422457,0.36314365714954877,0.17833077436228145
298,0.030569069630552267,0.019273783273840776,0.1424637017301246,0.03992623590396697,0.7677672094615153
299,0.5913216481454645,0.001560137433936562,0.020107086985072742,0.2518431646260491,0.13516796280947715
300,0.547087952103225,0.004239378118561401,0.024521913781735745,0.11862722982536977,0.3055235261711081
301,0.4248169075002774,0.0017807533739230043,0.06787328679888995,0.3637571588060218,0.1417718935208879
302,0.7300313507094208,0.0056703723723222415,0.005488453512488091,0.03662826387336231,0.22218155953240676
303,0.7570079781168481,0.0053684178046224705,0.004451155402601154,0.032754822544547625,0.20041762613138067
304,0.49651334798006014,0.0019947419678362287,0.024394140228600106,0.30625520133202905,0.17084256849147447
305,0.030143094664574405,0.013115175858935686,0.14933072540811615,0.04161574933897381,0.7657952547294
306,0.24336227741301492,0.0013861733640190617,0.08428790783943445,0.5455716580632873,0.12539198332024423
307,0.6960491451511804,0.003900148255122317,0.004757624890286239,0.04525649004403695,0.250036591659374
308,0.5821225589384842,0.00511973607508896,0.02422602621774783,0.11192165342049558,0.27661002534818335
309,0.7496597661057244,0.002207432783412283,0.0047892785477137816,0.11915334038277002,0.12419018218037944
310,0.15960640311076357,0.022035023112053877,0.021211602709538226,0.04846527999905387,0.7486816910685905
311,0.6483262689627861,0.004328388843748275,0.022293667533990005,0.09343504374744174,0.2316166309120339
312,0.6248662094897244,0.00314332213420635,0.013406380232021177,0.0032107794746028327,0.35537330866944533
313,0.08601510764496675,0.023385251245998183,0.058483538585326636,0.004836615467498752,0.8272794870562097
314,0.5430918885871232,0.0014559281540092567,0.018700161700931715,0.29001320062662483,0.146738820931311
315,0.004431736550941023,0.042409978552141264,0.0455236940180542,0.04271915546481832,0.8649154354140453
316,0.5549543592902008,0.0006751972484833077,0.012847048238213104,0.31149480707837135,0.12002858814473147
317,0.17601824126918544,0.0006190189687116334,0.06801905279480276,0.5475743153528334,0.20776937161446682
318,0.6412551487816256,0.00330582813609903,0.02051182963046208,0.02286056320882877,0.3120666302429846
319,0.07288227424506341,0.013335988284472147,0.05197018089659756,0.005467380393022263,0.8563441761808447
320,0.5676589606304691,0.0033490894640272727,0.023721760135713196,0.2599339589424271,0.14533623082736333
321,0.5532957514990327,0.0038441352937683302,0.026252409468477306,0.1227864418333125,0.2938212619054093
322,0.0015964339331230645,0.025653715690167306,0.1310286647776678,0.004670224137317716,0.8370509614617241
323,0.0015094289465646372,0.0769961023995679,0.1679864102644867,0.0063331482664394445,0.7471749101229413
324,0.7320057513878198,0.006806264604766804,0.00529937939949336,0.036731839707731036,0.21915676490018907
325,0.7245872912816812,0.003960886716648451,0.005233382644784419,0.03295603243817724,0.23326240691870864
326,0.6850967024643655,0.004751035519470641,0.006275987561898134,0.040695732252931875,0.2631805422013338
327,0.7268798077991143,0.000566881830644885,0.0034325214951464707,0.08378759404158113,0.18533319483351332
328,0.5498203356118753,0.0053001557440148445,0.01891077626172587,0.2829757514626744,0.1429929809197096
329,0.6361956260040305,0.0032784374566782863,0.006767553155632475,0.17105352150365094,0.18270486188000792
330,0.029183968740534975,0.009932856999744149,0.049670460973887165,0.3866211474086751,0.5245915658771586
331,0.17163703951771858,0.00029243240378195494,0.0674501809836454,0.5776558803866133,0.18296446670824068
332,0.06737787489032773,0.010383312104711686,0.05577913672497429,0.0049309006717782634,0.8615287756082081
333,0.673142496491143,0.005660536685340319,0.007001463606067965,0.04493949070260134,0.2692560125148474
334,0.6749410154707288,0.0022712264099783155,0.018524010071418868,0.01735788197336405,0.28690586607450996
335,0.05987909875210355,0.021930252270741718,0.06678523808016626,0.0227206549648098,0.8286847559321786
336,0.7195738691547384,0.0046131182915439585,0.005341414005799821,0.037605913157903695,0.23286568539001423
337,0.004735640781064941,0.009375433991180947,0.38086401847806484,0.02336907047263309,0.5816558362770562
338,0.4276419801759366,0.0009176655525315864,0.06255632232286597,0.35819611639798193,0.15068791555068406
339,0.05224481838977599,0.011107754116487902,0.08051571621528258,0.02687831264647685,0.8292533986319766
340,0.4164169317159973,0.0017279706286112827,0.06706640990341561,0.3620909656253691,0.15269772212660673
341,0.48975569458920587,0.006813543277056085,0.07335124919810612,0.01015166842533076,0.41992784451030113
342,0.7371668267390451,0.00484455888302304,0.0050926572747645015,0.033021596531787774,0.21987436057137974
343,0.007197739926917851,0.007129465813766824,0.3124674114189218,0.08739629484714778,0.5858090879932458
344,0.7367263033954821,0.0028936063353407824,0.004809821744268119,0.12300950770911594,0.13256076081579307
345,0.6838953620181385,0.0036152920330721943,0.014074704438655827,0.08796141746069663,0.21045322404943675
346,0.5799694955203738,0.00022406290671286592,0.01468866726626647,0.2600969901220203,0.14502078418462652
347,0.2598537332884022,0.0016678166891760586,0.059500966162878824,0.5416841117612181,0.13729337209832473
348,0.08721665331799255,0.01938089104469898,0.026399116688776873,0.06184603578555788,0.8051573031629738
349,0.1446257436312344,0.0031543004464503446,0.06800008090260076,0.6141347625094422,0.17008511251027225
350,0.3540653615241034,0.0009735163958648888,0.027352849452438207,0.4338596080628054,0.18374866456478806
351,0.690824581370423,0.002588961034052464,0.004406208298408986,0.1489700066295601,0.1532102426675554
352,0.0029520980325698806,0.03791988066106504,0.12374408269781902,0.004497088635818053,0.830886849972728
353,0.27043805491176914,0.0010170379002134833,0.07128491485865526,0.5097446789165859,0.14751531341277604
354,0.7639656175881008,0.00317724401507735,0.0038389502687326982,0.02572167592887951,0.20329651219920963
355,0.6409211487475146,0.004461813130373038,0.014401982076752667,0.20419571902174552,0.13601933702361418
356,0.06395073892329331,0.02271144556844995,0.06726608328053252,0.005314551955887233,0.8407571802718369
357,0.5719388995382783,0.0020472139083710997,0.06817556120028592,0.026685619668759226,0.3311527056843054
358,0.7161199292688692,0.003076637989588458,0.01595372473788127,0.019296174605264362,0.24555353339839672
359,0.12196858704234852,0.009748614717176085,0.020564395760422252,0.05217089361880925,0.7955475088612438
360,0.711359621300145,0.00463217519459312,0.02183786156501407,0.01115055256375569,0.25101978937649205
361,0.7016292170470252,0.0030851401481305743,0.005097050145399335,0.03357404428305262,0.2566145483763921
362,0.012364547027810905,0.004135118078571541,0.058704076584067386,0.3548500602084508,0.5699461981010993
363,0.26616646269672917,0.0012775501849975636,0.06125812036304071,0.5189085819034497,0.15238928485178294
364,0.6400980646328194,0.007458160243311015,0.0062190118942419504,0.051475530584456336,0.29474923264517117
365,0.6581466900889925,0.004204403391112401,0.01799924180531024,0.08790240992172256,0.23174725479286226
366,0.0061381994004185494,0.010841833766559575,0.3321140089687074,0.02599431283341465,0.6249116450308999
367,0.5892003096896852,0.013769012943411478,0.02372705289073418,0.026031282618078827,0.34727234185809036
368,0.005996748207724939,0.0013997621365658083,0.36213846060346255,0.1058161402503438,0.524648888801903
369,0.037041687569654924,0.020220708312142815,0.1964972923983225,0.008879396772324242,0.7373609149475554
370,0.49929291096304473,0.0004436261838804724,0.1768165664156566,0.040143651471222154,0.2833032449661959
371,0.4411457032418892,0.001959850695235422,0.07537113219525628,0.3399821979295305,0.14154111593808857
372,0.44133358448936305,0.001392507082619526,0.08342173909597006,0.07171535197625266,0.40213681735579465
373,0.7821441461872135,0.004899386173232347,0.003992667107233908,0.02742220583196447,0.18154159470035575
374,0.2165481866051747,0.0012016747203936373,0.06516167140685239,0.5500559488873288,0.1670325183802505
375,0.0020574911783854547,0.035668774594042905,0.11862838687265811,0.005069123988529983,0.8385762233663835
376,0.30856495472170403,0.0027715592003921055,0.05654832026841379,0.47231489803967336,0.15980026776981673
377,0.4049616422741018,0.0020919330113498735,0.0804995795529263,0.3510183960813322,0.1614284490802899
378,0.6040383391726817,0.003210202503377944,0.020640598637073106,0.24128946342839902,0.1308213962584683
379,0.4846586745220908,0.0008935294552262083,0.01944962056582521,0.31650744582416745,0.17849072963269025
380,0.08930112142871323,0.019062244254311907,0.025326337995134965,0.06280399385627974,0.8035063024655602
381,0.6017004289060297,0.012975605991473326,0.02879723905591511,0.005412008856501919,0.35111471719007986
382,0.09531520079968377,0.023513701902500482,0.05140126561053696,0.004232617585466421,0.8255372141018124
